9
78
89
143
149
181
183
232
237
241
320
346
373
407
552
554
584
589
607
631
644
652
655
671
672
680
696
720
730
802
831
835
843
880
886
889
908
915
945
985
1065
1078
1110
1111
1114
1131
1132
1200
1211
1220
1234
1397
1401
1402
1459
1518
1525
1583
1653
1665
1680
1727
1746
1811
1832
1886
1914
2005
2097
2182
2185
2198
2224
2310
2321
2381
2385
2435
2585
2605
2685
2726
2744
2841
2862
2926
2941
2992
3038
3067
3107
3127
3161
3193
3197
3260
3279
3337
3356
3359
3383
3386
3399
3419
3421
3431
3441
3458
3468
3469
3497
3509
3594
3609
3622
3636
3647
3649
3667
3686
3727
3757
3792
3859
3895
3900
3901
3902
3929
3942
3950
3969
4014
4027
4036
4048
4210
4247
4293
4367
4385
4421
4487
4508
4534
4553
4591
4600
4640
4700
4727
4745
4764
4825
4860
4876
4974
4979
5018
5040
5060
5101
5119
5172
5176
5213
5256
5261
5273
5310
5321
5355
5400
5452
5456
5461
5494
5506
5679
5681
5705
5766
5772
5831
5874
5875
5942
5966
5978
6019
6032
6077
6189
6201
6244
6257
6259
6262
6279
6280
6394
6411
6480
6525
6566
6573
6654
6686
6718
6754
6756
6764
6769
6794
6845
6859
6860
6874
6911
6944
6980
7000
7022
7080
7143
7185
7314
7344
7363
7394
7414
7439
7542
7582
7612
7658
7707
7715
7825
7835
7856
7884
7886
7893
7899
7935
8014
8071
8157
8173
8221
8244
8246
8266
8321
8356
8392
8399
8451
8514
8564
8607
8608
8692
8723
8726
8732
8739
8751
8771
8805
8823
8848
8872
8894
8928
8936
8956
9011
9063
9067
9071
9094
9110
9204
9208
9271
9318
9327
9355
9370
9392
9400
9417
9426
9440
9468
9492
9502
9509
9633
9645
9671
9694
9705
9730
9741
9809
9911
9955
9960
9967
9988
10099
10159
10199
10201
10210
10216
10288
10295
10312
10487
10490
10617
10664
10667
10683
10684
10697
10842
10875
10892
10905
10911
10915
10977
11031
11153
11262
11301
11314
11341
11345
11355
11363
11365
11366
11385
11415
11420
11459
11506
11570
11630
11650
11652
11665
11722
11730
11830
11834
11842
11852
11875
11925
11931
11948
12081
12288
12296
12373
12414
12430
12443
12464
12486
12499
12507
12677
12684
12705
12852
12934
12941
13025
13035
13041
13055
13090
13125
13154
13158
13248
13255
13273
13292
13296
13316
13337
13361
13375
13390
13404
13409
13417
13447
13457
13476
13478
13513
13524
13645
13647
13692
13695
13746
13811
13955
13982
14015
14090
14104
14112
14117
14126
14163
14177
14195
14199
14220
14260
14276
14278
14294
14325
14345
14414
14447
14485
14498
14510
14558
14561
14588
14629
14667
14703
14725
14731
14735
14770
14842
14915
14923
15043
15048
15092
15190
15329
15341
15347
15366
15376
15378
15392
15467
15569
15578
15612
15640
15666
15700
15708
15730
15812
15814
15852
15853
15868
15869
15885
15887
15890
15964
15980
16015
16064
16066
16113
16166
16168
16189
16192
16241
16274
16333
16349
16357
16370
16423
16424
16437
16534
16544
16602
16639
16730
16732
16744
16770
16774
16783
16824
16863
16866
16938
16946
16970
16972
16988
16990
17073
17118
17120
17135
17149
17157
17185
17194
17237
17301
17332
17503
17515
17524
17536
17577
17600
17622
17632
17664
17702
17742
17790
17807
17809
17822
17841
17851
17919
17984
17990
18019
18034
18074
18123
18133
18143
18174
18207
18233
18243
18303
18362
18364
18376
18390
18599
18627
18663
18697
18707
18731
18738
18798
18816
18831
18946
18963
18991
19143
19157
19200
19215
19244
19306
19334
19353
19473
19496
19510
19535
19565
19578
19599
19624
19642
19729
19751
19766
19811
19856
19862
19897
20030
20060
20061
20109
20117
20125
20128
20204
20220
20228
20244
20272
20281
20332
20354
20554
20561
20568
20590
20600
20609
20645
20719
20740
20760
20763
20767
20772
20791
20828
20840
20870
20876
20906
20919
20925
20957
20997
21077
21106
21108
21135
21167
21174
21214
21233
21265
21286
21289
21327
21368
21465
21490
21506
21548
21663
21739
21746
21829
21836
21846
21851
21861
21902
21907
21919
21952
21997
22001
22070
22080
22108
22152
22200
22245
22263
22270
22324
22326
22386
22459
22504
22505
22514
22531
22544
22636
22687
22739
22752
22757
22766
22773
22784
22800
22866
22953
23004
23063
23099
23103
23128
23140
23293
23330
23450
23462
23573
23588
23593
23632
23646
23657
23687
23694
23697
23730
23735
23757
23785
23894
23982
23994
24016
24022
24037
24059
24127
24143
24166
24182
24238
24253
24313
24325
24393
24412
24420
24499
24506
24512
24547
24565
24629
24650
24746
24749
24761
24792
24817
24825
24888
24943
24954
24976
24990
24995
25049
25080
25122
25128
25166
25170
25199
25205
25285
25389
25415
25481
25486
25560
25585
25601
25656
25716
25773
25786
25864
25901
25924
25927
25940
25959
25980
26017
26031
26057
26090
26167
26177
26178
26275
26311
26314
26322
26345
26364
26430
26470
26472
26501
26572
26576
26614
26653
26686
26718
26793
26817
26828
26844
26918
26996
27018
27045
27104
27191
27236
27241
27273
27290
27302
27329
27330
27354
27399
27411
27417
27432
27437
27459
27513
27536
27629
27630
27688
27698
27752
27815
27818
27877
27931
27933
27946
27951
27976
27996
28015
28047
28057
28113
28208
28291
28312
28332
28344
28353
28419
28445
28451
28453
28540
28565
28592
28659
28742
28762
28849
28857
28876
28883
28927
28959
28994
28997
29083
29133
29172
29184
29201
29212
29229
29295
29333
29362
29371
29386
29398
29437
29557
29602
29670
29711
29728
29733
29769
29798
29827
29933
29968
29990
30022
30066
30092
30169
30222
30325
30360
30385
30440
30486
30511
30521
30576
30639
30662
30695
30778
30779
30791
30793
30812
30933
30937
30941
30967
31075
31116
31134
31138
31151
31163
31281
31294
31295
31370
31455
31474
31522
31530
31535
31546
31592
31602
31613
31615
31693
31710
31712
31718
31729
31826
31879
31994
31995
32029
32044
32063
32064
32087
32139
32162
32164
32166
32187
32218
32228
32265
32318
32331
32349
32362
32465
32533
32555
32649
32700
32704
