5
8
9
11
14
21
26
34
38
41
57
64
66
69
72
80
83
96
100
108
125
126
131
139
156
161
162
163
164
169
171
173
181
187
189
206
222
225
232
234
238
240
248
249
251
255
257
261
264
265
272
277
278
284
285
294
295
297
313
314
322
333
336
337
348
353
354
355
356
357
358
363
378
382
384
386
401
404
410
425
428
441
445
446
461
474
477
484
485
493
502
507
515
517
518
521
527
532
540
542
543
544
545
549
550
561
563
567
569
573
582
583
606
607
609
615
618
623
625
626
640
645
654
662
663
664
670
671
672
676
690
692
697
709
717
721
725
727
729
736
740
741
747
749
750
753
756
757
763
768
771
774
776
784
787
793
794
797
798
800
804
805
807
808
813
816
821
831
834
840
846
850
852
853
861
862
865
875
881
882
883
888
901
908
909
918
923
927
929
930
934
936
937
950
969
970
990
992
1005
1009
1020
1030
1032
1033
1036
1039
1040
1042
1046
1047
1054
1057
1059
1064
1075
1085
1092
1094
1095
1102
1103
1104
1108
1110
1117
1118
1128
1131
1133
1139
1142
1144
1146
1153
1163
1164
1166
1169
1173
1177
1181
1182
1184
1190
1194
1195
1197
1200
1203
1205
1213
1214
1215
1217
1224
1229
1239
1250
1253
1259
1276
1277
1278
1279
1284
1290
1294
1296
1305
1306
1311
1312
1314
1323
1326
1328
1338
1342
1347
1359
1375
1382
1384
1385
1386
1393
1394
1397
1400
1404
1408
1409
1415
1417
1418
1422
1432
1435
1440
1442
1443
1446
1459
1461
1468
1471
1475
1483
1488
1494
1501
1507
1509
1510
1514
1517
1524
1528
1530
1531
1532
1541
1551
1552
1556
1558
1560
1566
1567
1574
1576
1581
1585
1597
1601
1604
1605
1607
1608
1615
1623
1624
1625
1626
1630
1631
1634
1639
1641
1644
1645
1646
1652
1655
1659
1661
1668
1669
1681
1685
1688
1693
1697
1706
1709
1713
1719
1721
1730
1737
1741
1742
1745
1751
1761
1766
1767
1776
1777
1785
1787
1788
1790
1792
1793
1794
1797
1801
1802
1804
1805
1809
1812
1815
1828
1830
1831
1833
1849
1854
1862
1863
1864
1868
1870
1880
1882
1886
1897
1902
1903
1919
1926
1930
1937
1948
1959
1963
1967
1970
1981
1982
1983
1986
1990
1991
1995
1996
1997
2008
2011
2015
2025
2027
2033
2036
2044
2050
2051
2055
2062
2064
2066
2071
2074
2081
2083
2088
2096
2097
2099
2104
2105
2116
2118
2120
2122
2123
2129
2130
2133
2135
2146
2155
2156
2161
2167
2172
2174
2178
2181
2183
2186
2188
2192
2197
2201
2205
2212
2213
2216
2217
2224
2226
2227
2233
2240
2250
2251
2255
2264
2265
2268
2271
2279
2286
2288
2297
2301
2304
2309
2310
2313
2314
2318
2319
2321
2324
2326
2328
2329
2332
2333
2334
2335
2341
2343
2345
2348
2353
2362
2368
2369
2370
2377
2385
2387
2389
2390
2391
2395
2398
2401
2409
2411
2413
2415
2422
2430
2433
2435
2458
2460
2469
2476
2478
2481
2486
2508
2509
2511
2521
2524
2539
2541
2546
2547
2553
2559
2560
2569
2577
2587
2590
2593
2603
2605
2622
2634
2641
2646
2660
2666
2682
2686
2689
2700
2701
2704
2711
2712
2715
2717
2718
2721
2723
2731
2734
2739
2740
2741
2744
2749
2752
2753
2761
2762
2766
2767
2770
2772
2782
2786
2787
2792
2793
2799
2810
2812
2829
2834
2841
2845
2846
2850
2852
2854
2855
2859
2862
2865
2873
2880
2882
2883
2885
2895
2906
2915
2916
2923
2924
2929
2935
2941
2944
2949
2955
2956
2958
2961
2968
2970
2971
2976
2981
2986
2995
2996
2998
3001
3002
3011
3020
3022
3023
3029
3038
3044
3045
3047
3053
3056
3060
3065
3076
3077
3085
3088
3099
3102
3105
3108
3114
3116
3122
3124
3128
3139
3158
3164
3169
3171
3175
3187
3201
3203
3210
3214
3226
3228
3230
3231
3233
3234
3237
3238
3239
3243
3260
3263
3265
3267
3282
3285
3288
3291
3300
3302
3304
3306
3320
3331
3342
3346
3351
3354
3362
3363
3377
3380
3383
3389
3392
3399
3405
3406
3407
3408
3410
3422
3423
3434
3441
3448
3456
3459
3463
3464
3465
3479
3480
3490
3493
3494
3496
3499
3501
3503
3509
3512
3513
3514
3516
3523
3524
3525
3529
3530
3537
3538
3547
3548
3552
3554
3556
3558
3571
3576
3577
3580
3585
3586
3587
3595
3599
3600
3601
3607
3610
3613
3622
3624
3625
3627
3630
3634
3638
3641
3642
3644
3652
3654
3665
3669
3671
3674
3677
3678
3681
3688
3702
3715
3723
3732
3733
3737
3738
3740
3742
3744
3749
3751
3752
3755
3757
3761
3765
3769
3774
3776
3778
3779
3783
3793
3809
3815
3817
3818
3819
3827
3834
3836
3838
3839
3844
3856
3858
3860
3866
3871
3874
3876
3879
3881
3893
3894
3895
3904
3907
3913
3918
3921
3932
3934
3936
3943
3949
3950
3955
3957
3969
3972
3975
3977
3979
3981
3983
3984
3998
4012
4030
4034
4040
4041
4048
4051
4052
4056
4059
4060
4061
4065
4069
4073
4074
4075
4076
4078
4080
4083
4084
4087
4094
4099
4106
4108
4109
4115
4119
4121
4124
4126
4128
4129
4131
4134
4138
4143
4147
4150
4152
4157
4159
4164
4165
4166
4167
4169
4172
4175
4178
4180
4181
4198
4207
4209
4210
4215
4217
4226
4227
4240
4242
4249
4251
4256
4265
4269
4271
4273
4277
4280
4282
4291
4295
4296
4299
4302
4315
4321
4324
4325
4327
4328
4334
4338
4342
4349
4351
4357
4360
4361
4371
4386
4388
4391
4392
4399
4401
4402
4403
4407
4414
4415
4421
4430
4434
4439
4441
4447
4452
4453
4460
4464
4472
4480
4483
4485
4488
4496
4499
4501
4510
4511
4514
4516
4530
4534
4539
4540
4541
4542
4551
4553
4558
4561
4565
4567
4578
4579
4580
4587
4595
4598
4600
4602
4609
4621
4625
4638
4641
4649
4651
4655
4658
4665
4667
4668
4672
4685
4688
4695
4699
4712
4713
4715
4725
4729
4730
4734
4737
4739
4744
4746
4748
4750
4761
4762
4766
4773
4779
4780
4785
4799
4800
4805
4809
4811
4815
4839
4853
4862
4863
4866
4868
4870
4885
4886
4891
4904
4911
4914
4915
4920
4922
4923
4925
4931
4933
4935
4946
4947
4948
4961
4962
4966
4969
4978
4982
4985
4990
4994
5004
5007
5008
5010
5012
5013
5016
5034
5043
5048
5056
5060
5061
5064
5083
5084
5088
5098
5104
5117
5120
5127
5132
5138
5141
5149
5155
5164
5166
5169
5185
5186
5187
5191
5192
5198
5207
5211
5216
5219
5220
5224
5226
5227
5237
5246
5253
5265
5269
5271
5272
5278
5281
5286
5289
5299
5317
5318
5321
5324
5332
5336
5339
5340
5342
5345
5348
5350
5351
5354
5359
5365
5368
5372
5384
5385
5393
5401
5408
5421
5422
5423
5436
5442
5444
5445
5446
5458
5476
5480
5483
5484
5486
5490
5491
5492
5493
5494
5495
5503
5504
5505
5507
5510
5515
5534
5556
5558
5561
5569
5576
5579
5581
5584
5592
5594
5595
5598
5603
5605
5608
5618
5621
5623
5626
5629
5631
5636
5640
5649
5655
5656
5662
5664
5665
5679
5680
5684
5693
5695
5704
5708
5710
5715
5719
5720
5730
5739
5741
5747
5753
5758
5760
5764
5766
5768
5769
5770
5771
5776
5786
5788
5790
5793
5795
5798
5799
5808
5828
5830
5831
5832
5835
5840
5844
5850
5859
5866
5868
5880
5881
5883
5885
5889
5894
5895
5896
5898
5903
5906
5913
5922
5933
5944
5954
5955
5965
5972
5973
5975
5978
5981
5982
5984
5988
5990
5991
5993
5994
5998
6004
6009
6013
6029
6032
6038
6040
6041
6044
6045
6046
6069
6081
6082
6087
6089
6097
6104
6106
6112
6117
6119
6120
6128
6130
6135
6139
6143
6146
6148
6155
6156
6158
6159
6161
6167
6171
6173
6178
6179
6183
6185
6190
6192
6194
6202
6204
6206
6212
6224
6226
6227
6230
6235
6247
6249
6250
6258
6263
6267
6273
6279
6284
6297
6304
6306
6313
6321
6325
6326
6330
6331
6334
6337
6341
6342
6347
6348
6349
6350
6366
6369
6371
6373
6382
6389
6392
6394
6399
6400
6404
6405
6409
6413
6419
6420
6425
6435
6436
6437
6441
6450
6462
6466
6468
6469
6471
6472
6478
6484
6486
6489
6494
6496
6497
6498
6504
6508
6514
6515
6517
6519
6520
6523
6526
6540
6541
6548
6550
6553
6558
6559
6564
6566
6567
6572
6578
6579
6583
6590
6594
6597
6602
6604
6608
6609
6613
6621
6622
6623
6626
6637
6639
6642
6643
6645
6648
6653
6660
6661
6662
6669
6672
6674
6675
6676
6679
6687
6689
6710
6719
6738
6741
6744
6749
6752
6756
6759
6763
6767
6775
6776
6780
6781
6789
6790
6791
6792
6803
6808
6809
6823
6827
6828
6835
6842
6846
6850
6853
6863
6865
6866
6877
6881
6886
6887
6888
6893
6904
6905
6907
6910
6922
6927
6928
6929
6932
6940
6943
6949
6950
6952
6953
6958
6965
6968
6973
6975
6982
6983
6987
6994
6996
6998
6999
7014
7015
7019
7026
7028
7029
7036
7039
7052
7059
7060
7061
7066
7068
7070
7073
7075
7080
7083
7088
7089
7097
7100
7102
7111
7112
7122
7125
7128
7129
7133
7135
7138
7139
7140
7144
7147
7151
7159
7162
7169
7174
7175
7176
7178
7179
7183
7195
7203
7204
7209
7220
7226
7227
7235
7241
7242
7244
7251
7262
7274
7276
7278
7280
7282
7287
7292
7297
7301
7304
7316
7318
7322
7326
7327
7333
7334
7337
7342
7345
7350
7352
7357
7362
7363
7368
7371
7372
7375
7376
7380
7381
7383
7385
7389
7391
7396
7406
7410
7411
7414
7419
7422
7428
7436
7437
7439
7444
7446
7456
7458
7480
7489
7492
7493
7494
7500
7502
7520
7521
7527
7529
7532
7541
7543
7546
7547
7549
7551
7557
7560
7568
7569
7571
7572
7578
7584
7592
7594
7595
7597
7599
7612
7614
7616
7617
7619
7620
7621
7627
7640
7646
7653
7656
7658
7660
7662
7666
7669
7671
7675
7686
7690
7691
7695
7697
7704
7708
7716
7717
7719
7725
7728
7733
7735
7738
7742
7746
7747
7756
7759
7765
7766
7767
7770
7771
7772
7794
7795
7797
7807
7832
7844
7854
7858
7859
7862
7869
7870
7880
7888
7896
7902
7903
7907
7913
7916
7920
7927
7930
7933
7935
7936
7937
7938
7941
7945
7946
7948
7949
7955
7967
7974
7978
7981
7987
7988
8002
8005
8007
8011
8013
8025
8030
8032
8035
8036
8049
8053
8057
8073
8090
8095
8096
8099
8106
8109
8114
8117
8129
8132
8134
8137
8144
8146
8154
8158
8166
8167
8185
8186
8193
8198
8201
8202
8218
8235
8241
8247
8255
8258
8263
8268
8270
8271
8272
8283
8286
8289
8292
8294
8295
8301
8302
8306
8307
8315
8320
8328
8333
8345
8352
8353
8357
8358
8361
8367
8368
8372
8374
8378
8383
8386
8396
8398
8399
8405
8407
8415
8418
8421
8422
8423
8425
8429
8432
8433
8435
8452
8455
8456
8461
8465
8467
8470
8478
8488
8491
8492
8499
8501
8505
8507
8510
8513
8517
8518
8521
8522
8526
8527
8530
8531
8535
8541
8545
8555
8569
8576
8580
8581
8582
8585
8587
8603
8607
8608
8614
8617
8618
8619
8620
8625
8633
8635
8638
8640
8644
8649
8653
8654
8655
8657
8666
8668
8670
8673
8682
8685
8686
8687
8695
8697
8703
8707
8710
8711
8714
8717
8722
8724
8732
8733
8739
8745
8749
8754
8758
8761
8763
8764
8772
8780
8782
8786
8787
8791
8792
8797
8800
8803
8807
8808
8811
8816
8822
8824
8828
8832
8837
8839
8843
8844
8846
8849
8860
8866
8869
8870
8874
8875
8890
8898
8899
8908
8911
8915
8918
8921
8922
8923
8935
8949
8953
8955
8965
8967
8968
8978
8979
8984
8986
8988
8992
8994
9003
9006
9010
9019
9023
9028
9029
9041
9042
9043
9044
9054
9056
9067
9071
9072
9084
9087
9089
9093
9095
9097
9103
9105
9107
9110
9114
9116
9122
9126
9134
9140
9144
9149
9154
9157
9161
9164
9167
9168
9176
9182
9183
9193
9194
9199
9204
9208
9209
9210
9216
9224
9226
9241
9242
9248
9249
9251
9255
9260
9272
9273
9276
9278
9286
9295
9312
9313
9321
9324
9327
9331
9334
9336
9339
9341
9343
9347
9349
9354
9358
9360
9361
9362
9363
9364
9374
9376
9382
9383
9387
9390
9393
9397
9398
9401
9403
9404
9405
9409
9414
9419
9425
9429
9433
9437
9441
9443
9445
9447
9452
9462
9467
9470
9474
9484
9488
9499
9503
9507
9508
9520
9526
9531
9543
9552
9557
9561
9562
9580
9589
9594
9595
9599
9601
9602
9603
9606
9608
9611
9616
9618
9620
9622
9632
9634
9637
9638
9643
9646
9647
9648
9651
9655
9657
9661
9666
9668
9669
9677
9681
9682
9687
9688
9689
9695
9697
9700
9704
9705
9719
9723
9724
9725
9736
9738
9740
9744
9746
9748
9749
9754
9755
9756
9757
9771
9773
9781
9785
9786
9787
9788
9802
9804
9806
9808
9809
9811
9817
9832
9835
9847
9849
9857
9858
9866
9867
9870
9874
9888
9890
9892
9894
9898
9902
9909
9911
9914
9932
9942
9944
9945
9946
9953
9954
9968
9973
9975
9980
9981
9989
10002
10006
10012
10016
10017
10020
10023
10024
10026
10031
10054
10056
10060
10066
10067
10069
10072
10075
10078
10079
10081
10086
10088
10091
10094
10096
10101
10105
10109
10115
10116
10122
10123
10126
10128
10129
10142
10143
10147
10149
10152
10155
10163
10165
10166
10173
10175
10176
10177
10178
10180
10185
10186
10202
10205
10207
10208
10212
10216
10221
10223
10231
10238
10241
10243
10248
10251
10256
10257
10261
10269
10273
10275
10280
10283
10294
10295
10296
10298
10299
10302
10307
10312
10314
10315
10318
10322
10333
10335
10350
10353
10354
10356
10357
10360
10363
10367
10375
10391
10393
10394
10395
10396
10397
10398
10417
10422
10423
10428
10429
10432
10439
10448
10452
10456
10461
10464
10466
10474
10479
10493
10495
10501
10507
10509
10513
10516
10524
10533
10535
10538
10546
10549
10552
10554
10556
10557
10558
10561
10564
10567
10576
10578
10580
10583
10588
10589
10590
10593
10605
10607
10609
10615
10617
10622
10623
10624
10628
10630
10651
10652
10654
10659
10661
10667
10669
10672
10678
10679
10680
10693
10695
10700
10706
10709
10710
10714
10717
10721
10727
10728
10733
10734
10736
10737
10743
10744
10746
10761
10763
10764
10770
10775
10778
10783
10789
10791
10794
10795
10797
10814
10817
10819
10822
10824
10831
10838
10845
10850
10864
10865
10867
10870
10875
10886
10887
10889
10890
10897
10906
10908
10909
10911
10915
10917
10921
10931
10932
10936
10940
10944
10947
10948
10950
10956
10957
10960
10961
10964
10967
10971
10980
10981
10982
10983
10985
10993
10997
10999
11000
11001
11003
11004
11010
11011
11015
11017
11019
11022
11025
11028
11034
11038
11042
11044
11052
11053
11055
11065
11066
11068
11072
11080
11083
11089
11090
11098
11100
11101
11109
11110
11111
11121
11123
11124
11127
11128
11130
11133
11135
11150
11151
11156
11158
11160
11162
11164
11168
11170
11180
11182
11183
11188
11193
11200
11207
11216
11228
11238
11242
11243
11244
11245
11248
11255
11256
11258
11261
11264
11268
11269
11276
11279
11284
11287
11289
11291
11301
11303
11309
11310
11331
11341
11344
11346
11347
11352
11360
11364
11365
11375
11376
11380
11381
11384
11395
11398
11399
11403
11410
11414
11422
11429
11431
11433
11436
11440
11443
11446
11450
11451
11452
11455
11456
11457
11460
11462
11468
11469
11470
11474
11477
11479
11481
11482
11488
11493
11508
11517
11521
11526
11529
11542
11550
11554
11555
11558
11561
11566
11571
11574
11575
11581
11584
11585
11586
11587
11588
11589
11596
11598
11606
11608
11611
11613
11617
11618
11620
11627
11632
11634
11638
11645
11647
11648
11651
11660
11661
11668
11675
11677
11685
11687
11688
11690
11691
11695
11700
11709
11712
11713
11722
11725
11728
11733
11738
11739
11747
11767
11770
11780
11791
11794
11800
11808
11810
11813
11818
11823
11828
11829
11835
11847
11859
11872
11882
11883
11888
11890
11891
11898
11899
11903
11913
11921
11925
11928
11934
11941
11943
11949
11952
11958
11960
11961
11962
11963
11964
11969
11977
11978
11984
11988
11989
11990
12002
12003
12011
12012
12014
12020
12023
12031
12039
12050
12063
12066
12076
12077
12078
12093
12096
12099
12102
12109
12110
12111
12118
12123
12127
12136
12146
12149
12151
12159
12167
12178
12179
12185
12186
12201
12210
12234
12240
12247
12255
12257
12260
12265
12272
12273
12277
12292
12294
12296
12302
12308
12317
12323
12326
12334
12339
12344
12348
12349
12353
12356
12358
12359
12360
12374
12375
12376
12383
12384
12385
12386
12391
12392
12398
12411
12417
12421
12427
12430
12440
12442
12448
12452
12462
12465
12467
12474
12475
12481
12488
12492
12497
12505
12516
12529
12536
12538
12539
12542
12548
12550
12551
12561
12566
12574
12575
12580
12585
12591
12596
12599
12601
12604
12605
12609
12613
12614
12615
12619
12622
12625
12626
12627
12628
12637
12639
12640
12646
12650
12653
12657
12660
12661
12663
12665
12670
12675
12677
12684
12685
12692
12697
12699
12701
12704
12707
12709
12710
12711
12718
12724
12729
12730
12731
12738
12739
12744
12750
12751
12756
12761
12768
12776
12777
12778
12784
12788
12790
12798
12811
12813
12814
12815
12820
12821
12830
12833
12840
12842
12843
12844
12855
12861
12871
12874
12875
12878
12887
12890
12893
12910
12912
12913
12917
12921
12922
12930
12951
12960
12962
12967
12971
12972
12978
12980
12986
12988
12989
12993
12998
12999
13007
13009
13015
13018
13019
13023
13029
13030
13048
13053
13055
13061
13069
13070
13077
13078
13081
13092
13095
13097
13100
13105
13108
13113
13117
13122
13124
13135
13152
13155
13164
13169
13170
13175
13178
13180
13189
13190
13191
13193
13197
13202
13221
13238
13244
13250
13254
13256
13257
13259
13260
13270
13273
13282
13297
13302
13304
13310
13317
13323
13326
13328
13331
13339
13342
13347
13357
13366
13368
13383
13386
13395
13396
13408
13416
13417
13421
13430
13435
13439
13440
13441
13442
13443
13448
13454
13457
13466
13477
13482
13487
13497
13498
13505
13523
13524
13530
13536
13537
13547
13556
13557
13566
13574
13580
13581
13584
13586
13591
13595
13598
13599
13610
13620
13623
13624
13627
13630
13631
13635
13640
13642
13646
13648
13668
13671
13674
13678
13686
13689
13694
13699
13709
13722
13723
13728
13734
13743
13747
13758
13761
13765
13766
13767
13768
13773
13774
13775
13776
13778
13779
13781
13782
13789
13794
13796
13798
13800
13812
13820
13821
13822
13827
13829
13834
13835
13837
13846
13860
13866
13874
13875
13881
13886
13890
13891
13895
13896
13897
13907
13908
13909
13910
13912
13913
13915
13924
13925
13932
13947
13951
13954
13958
13959
13966
13988
13990
13992
13997
13998
14004
14013
14018
14020
14023
14024
14028
14032
14035
14037
14039
14040
14044
14050
14060
14063
14064
14066
14085
14090
14098
14107
14111
14113
14123
14124
14125
14133
14137
14138
14142
14152
14154
14163
14169
14186
14187
14188
14193
14194
14196
14200
14202
14207
14208
14209
14210
14219
14223
14225
14229
14233
14234
14239
14249
14251
14254
14256
14265
14267
14271
14283
14294
14305
14314
14317
14328
14332
14338
14344
14345
14350
14357
14359
14364
14372
14373
14378
14389
14394
14401
14406
14407
14408
14410
14411
14413
14434
14439
14450
14460
14461
14462
14465
14472
14479
14486
14487
14489
14496
14499
14502
14505
14515
14516
14518
14521
14526
14535
14537
14543
14549
14574
14575
14583
14596
14597
14604
14611
14613
14616
14626
14627
14647
14648
14651
14657
14659
14673
14683
14697
14702
14703
14705
14708
14714
14720
14722
14727
14731
14742
14743
14747
14763
14768
14769
14777
14788
14790
14799
14802
14813
14815
14817
14827
14831
14846
14855
14858
14866
14868
14871
14873
14874
14875
14877
14881
14882
14884
14886
14894
14899
14901
14904
14908
14914
14920
14924
14927
14928
14929
14931
14932
14934
14942
14944
14948
14951
14955
14958
14959
14966
14973
14975
14980
14982
14983
14990
14991
14996
15003
15024
15033
15037
15045
15050
15060
15061
15062
15071
15073
15078
15086
15097
15100
15104
15114
15119
15127
15130
15131
15132
15134
15137
15138
15147
15159
15173
15176
15185
15194
15200
15204
15210
15220
15224
15228
15234
15238
15257
15259
15270
15276
15279
15283
15285
15288
15294
15306
15310
15312
15330
15331
15334
15343
15344
15349
15351
15353
15354
15366
15369
15370
15374
15376
15383
15393
15394
15396
15397
15399
15400
15403
15405
15409
15413
15420
15422
15430
15434
15435
15441
15448
15450
15459
15464
15466
15473
15476
15479
15485
15493
15497
15501
15509
15520
15523
15531
15532
15534
15539
15542
15543
15546
15548
15552
15557
15558
15561
15565
15572
15582
15583
15591
15597
15598
15601
15602
15610
15612
15613
15618
15621
15632
15636
15639
15642
15646
15647
15651
15654
15657
15680
15684
15685
15686
15688
15692
15698
15699
15702
15706
15711
15722
15724
15728
15732
15733
15735
15741
15745
15747
15754
15759
15761
15762
15765
15769
15781
15784
15789
15790
15794
15799
15803
15804
15805
15806
15812
15818
15819
15838
15842
15847
15849
15853
15855
15861
15865
15875
15879
15880
15881
15882
15884
15885
15901
15903
15905
15910
15922
15923
15926
15931
15932
15934
15949
15950
15959
15967
15969
15976
15981
15992
15996
15999
16000
16018
16021
16024
16028
16047
16049
16050
16061
16063
16065
16066
16069
16070
16082
16098
16099
16109
16114
16116
16125
16127
16131
16142
16147
16163
16173
16176
16177
16179
16180
16189
16199
16201
16208
16224
16225
16233
16237
16239
16242
16245
16249
16252
16255
16262
16270
16272
16277
16281
16282
16286
16289
16290
16301
16303
16305
16306
16315
16316
16320
16322
16328
16330
16337
16344
16345
16351
16353
16357
16366
16371
16376
16397
16401
16406
16410
16412
16415
16423
16443
16448
16454
16464
16470
16480
16483
16489
16491
16493
16496
16497
16501
16507
16513
16514
16522
16526
16530
16541
16542
16543
16550
16552
16556
16564
16567
16568
16578
16586
16593
16600
16605
16609
16610
16616
16620
16625
16633
16640
16650
16652
16654
16655
16659
16666
16667
16674
16683
16684
16688
16691
16692
16701
16702
16704
16705
16706
16709
16710
16722
16724
16727
16729
16734
16751
16761
16762
16763
16765
16775
16786
16787
16792
16794
16797
16822
16832
16835
16837
16844
16845
16851
16853
16857
16858
16859
16862
16864
16866
16870
16872
16873
16886
16889
16894
16895
16896
16902
16912
16919
16925
16929
16933
16937
16941
16945
16952
16963
16969
16974
16975
16990
17007
17011
17012
17014
17019
17022
17023
17030
17032
17039
17047
17056
17057
17069
17072
17073
17074
17081
17087
17089
17092
17102
17107
17109
17115
17117
17119
17125
17126
17128
17131
17133
17138
17149
17156
17157
17162
17174
17175
17177
17178
17186
17190
17191
17193
17196
17207
17210
17215
17225
17231
17234
17235
17242
17243
17245
17252
17256
17259
17270
17276
17281
17282
17287
17288
17295
17298
17304
17307
17308
17317
17334
17336
17339
17342
17343
17346
17364
17366
17372
17373
17378
17386
17390
17394
17398
17399
17403
17413
17417
17420
17421
17424
17429
17431
17432
17437
17438
17440
17444
17453
17470
17475
17477
17478
17481
17482
17488
17492
17493
17495
17498
17501
17509
17512
17514
17516
17518
17527
17529
17536
17539
17550
17555
17557
17562
17567
17586
17590
17594
17597
17601
17602
17611
17612
17614
17619
17624
17631
17634
17636
17638
17643
17646
17648
17658
17659
17663
17664
17667
17672
17673
17675
17676
17680
17685
17691
17695
17701
17702
17708
17710
17711
17724
17725
17732
17734
17739
17742
17752
17753
17758
17763
17766
17767
17777
17781
17786
17788
17793
17805
17808
17811
17815
17818
17819
17821
17822
17839
17848
17850
17852
17853
17855
17857
17865
17869
17879
17883
17886
17887
17888
17889
17892
17897
17899
17900
17904
17906
17907
17923
17928
17933
17941
17944
17945
17966
17975
17977
17978
17981
17982
17991
17993
18002
18006
18009
18013
18014
18021
18022
18023
18028
18031
18044
18052
18053
18055
18076
18077
18094
18099
18102
18105
18106
18109
18111
18113
18116
18122
18132
18135
18137
18142
18144
18148
18150
18162
18163
18168
18175
18177
18187
18188
18199
18200
18206
18212
18214
18221
18226
18231
18235
18236
18257
18260
18264
18269
18272
18275
18278
18279
18280
18282
18283
18296
18297
18299
18301
18313
18314
18315
18316
18320
18330
18331
18334
18338
18344
18346
18347
18349
18361
18362
18363
18364
18365
18368
18379
18381
18387
18388
18390
18395
18402
18406
18407
18412
18419
18422
18424
18429
18436
18447
18455
18466
18467
18471
18477
18479
18482
18483
18484
18489
18491
18496
18501
18502
18503
18504
18507
18509
18510
18514
18515
18517
18524
18525
18530
18537
18542
18548
18549
18555
18557
18565
18567
18568
18570
18571
18594
18597
18598
18608
18624
18626
18627
18628
18647
18649
18651
18660
18661
18662
18663
18668
18673
18674
18678
18686
18687
18692
18699
18705
18710
18711
18712
18717
18721
18731
18733
18735
18738
18753
18755
18763
18764
18765
18776
18777
18778
18785
18792
18800
18801
18807
18810
18811
18813
18824
18832
18838
18841
18846
18847
18858
18863
18877
18881
18889
18901
18904
18912
18920
18923
18925
18938
18941
18949
18951
18953
18956
18962
18967
18968
18969
18973
18981
18985
18986
18987
18992
18995
19005
19006
19015
19019
19035
19038
19043
19046
19055
19056
19057
19070
19077
19092
19094
19097
19108
19112
19118
19120
19124
19128
19132
19135
19136
19145
19150
19153
19162
19163
19168
19176
19181
19194
19201
19202
19207
19217
19219
19224
19232
19233
19234
19241
19245
19251
19255
19256
19263
19265
19283
19298
19300
19302
19304
19306
19312
19314
19319
19329
19337
19343
19348
19356
19359
19369
19372
19375
19379
19386
19387
19389
19390
19394
19408
19409
19413
19414
19417
19419
19420
19421
19424
19428
19429
19431
19433
19436
19442
19443
19447
19450
19456
19458
19459
19470
19472
19476
19486
19487
19490
19494
19503
19514
19527
19529
19530
19533
19536
19553
19555
19558
19559
19574
19576
19592
19593
19596
19602
19603
19606
19608
19614
19625
19627
19632
19634
19639
19652
19657
19660
19661
19662
19663
19666
19674
19692
19705
19706
19707
19711
19714
19734
19739
19742
19753
19755
19759
19761
19764
19765
19767
19771
19772
19783
19786
19788
19796
19807
19810
19812
19813
19816
19819
19823
19826
19828
19830
19832
19839
19840
19841
19842
19843
19847
19848
19849
19854
19856
19859
19861
19868
19871
19885
19891
19899
19901
19906
19908
19913
19918
19920
19925
19926
19927
19932
19943
19945
19947
19948
19952
19959
19963
19966
19969
19970
19981
19982
19986
19987
19991
19997
20008
20009
20017
20021
20022
20023
20025
20031
20039
20047
20048
20051
20055
20060
20062
20071
20077
20078
20079
20087
20091
20094
20100
20101
20104
20117
20120
20125
20128
20130
20131
20136
20144
20146
20149
20150
20153
20159
20168
20177
20178
20180
20197
20200
20208
20216
20225
20232
20243
20245
20247
20248
20262
20266
20267
20269
20272
20275
20278
20281
20286
20289
20292
20304
20306
20307
20317
20319
20334
20336
20344
20345
20355
20360
20374
20375
20381
20383
20389
20394
20396
20398
20401
20407
20411
20417
20419
20425
20426
20427
20430
20444
20447
20457
20469
20478
20488
20493
20496
20498
20500
20507
20510
20511
20513
20518
20521
20523
20525
20528
20535
20536
20540
20543
20545
20549
20552
20554
20570
20571
20572
20574
20579
20587
20601
20604
20608
20611
20614
20629
20636
20644
20645
20651
20655
20658
20659
20661
20663
20678
20689
20697
20701
20704
20709
20722
20725
20730
20731
20744
20746
20753
20756
20769
20781
20785
20786
20791
20792
20800
20808
20811
20817
20818
20824
20830
20847
20849
20851
20855
20862
20864
20867
20870
20875
20880
20881
20882
20884
20886
20889
20891
20896
20909
20911
20930
20935
20955
20958
20961
20963
20967
20968
20972
20974
20980
20981
20982
20986
20989
20993
20995
20996
21000
21016
21024
21028
21040
21052
21057
21058
21062
21063
21087
21089
21092
21093
21095
21100
21103
21105
21114
21118
21122
21137
21138
21142
21155
21160
21180
21186
21187
21192
21193
21194
21201
21209
21211
21213
21215
21222
21224
21229
21233
21235
21238
21241
21244
21246
21257
21258
21260
21261
21264
21265
21270
21271
21275
21283
21287
21299
21300
21304
21313
21314
21315
21320
21321
21323
21324
21325
21329
21330
21334
21342
21343
21348
21352
21353
21354
21363
21366
21368
21376
21384
21393
21398
21404
21405
21420
21426
21429
21430
21437
21440
21443
21448
21451
21456
21466
21467
21468
21470
21474
21485
21495
21504
21507
21515
21522
21524
21527
21529
21532
21534
21537
21543
21546
21569
21573
21575
21576
21577
21583
21584
21588
21590
21594
21598
21600
21601
21608
21609
21611
21615
21617
21621
21627
21629
21634
21636
21638
21641
21647
21648
21652
21653
21655
21659
21663
21665
21671
21673
21676
21678
21680
21683
21688
21690
21699
21700
21724
21730
21733
21735
21748
21749
21763
21767
21774
21776
21781
21782
21783
21787
21788
21789
21798
21810
21814
21815
21819
21823
21826
21827
21830
21832
21839
21841
21853
21855
21861
21867
21883
21889
21890
21891
21894
21895
21898
21901
21907
21912
21913
21914
21920
21921
21924
21929
21932
21936
21939
21947
21951
21955
21975
21983
21984
21989
21991
21999
22000
22001
22004
22005
22011
22012
22015
22020
22023
22027
22039
22052
22058
22059
22069
22071
22072
22074
22093
22105
22106
22108
22109
22110
22111
22122
22123
22126
22134
22136
22140
22141
22154
22156
22158
22163
22168
22170
22175
22183
22186
22189
22190
22197
22198
22201
22213
22254
22255
22257
22259
22277
22279
22280
22281
22289
22291
22295
22298
22304
22309
22312
22313
22326
22336
22341
22346
22354
22367
22381
22382
22385
22387
22390
22394
22399
22410
22411
22414
22415
22419
22425
22426
22427
22429
22435
22443
22444
22446
22452
22465
22466
22472
22473
22491
22495
22498
22502
22503
22517
22519
22520
22534
22542
22553
22563
22577
22581
22585
22596
22598
22601
22604
22606
22608
22609
22615
22619
22626
22628
22631
22635
22641
22645
22649
22655
22697
22699
22703
22705
22714
22715
22718
22721
22724
22726
22729
22739
22743
22745
22747
22759
22760
22766
22767
22770
22773
22775
22776
22779
22781
22798
22802
22804
22808
22819
22825
22828
22832
22836
22839
22840
22841
22845
22853
22854
22863
22864
22866
22874
22877
22880
22882
22883
22884
22899
22900
22901
22905
22910
22912
22913
22924
22934
22936
22938
22941
22943
22944
22946
22966
22967
22971
22976
22989
22992
22998
22999
23003
23004
23009
23010
23011
23014
23016
23030
23033
23038
23043
23045
23047
23057
23071
23079
23084
23087
23088
23094
23096
23104
23105
23110
23115
23118
23127
23136
23137
23145
23146
23153
23163
23164
23166
23177
23181
23189
23191
23193
23195
23203
23210
23227
23230
23236
23237
23239
23246
23270
23275
23276
23277
23288
23293
23295
23297
23298
23299
23304
23311
23317
23321
23327
23330
23338
23340
23342
23345
23352
23353
23359
23362
23366
23369
23371
23372
23376
23383
23385
23390
23392
23394
23396
23397
23405
23415
23417
23418
23421
23425
23429
23437
23438
23440
23442
23458
23463
23467
23471
23476
23477
23479
23484
23493
23494
23503
23504
23511
23512
23520
23524
23526
23527
23533
23534
23546
23559
23571
23576
23578
23580
23581
23584
23586
23593
23600
23603
23609
23612
23619
23621
23624
23629
23642
23650
23654
23657
23658
23663
23664
23665
23667
23671
23672
23677
23680
23684
23688
23691
23702
23703
23704
23705
23707
23709
23710
23712
23713
23722
23723
23732
23734
23735
23737
23743
23747
23752
23758
23774
23776
23781
23782
23785
23786
23789
23793
23796
23803
23809
23814
23815
23819
23820
23822
23837
23840
23841
23845
23857
23867
23873
23876
23892
23894
23898
23902
23905
23913
23922
23934
23936
23942
23946
23953
23954
23970
23971
23972
23980
23990
23998
24000
24003
24006
24012
24014
24017
24022
24025
24029
24030
24046
24051
24052
24057
24059
24062
24067
24068
24080
24084
24085
24087
24096
24100
24103
24107
24108
24110
24119
24122
24128
24137
24138
24141
24142
24144
24146
24155
24159
24173
24176
24183
24184
24195
24196
24199
24208
24210
24212
24213
24216
24225
24228
24229
24230
24233
24237
24239
24240
24243
24246
24254
24262
24277
24280
24295
24302
24303
24306
24308
24309
24313
24318
24319
24321
24331
24332
24333
24338
24341
24344
24352
24355
24357
24358
24366
24370
24373
24380
24390
24392
24394
24397
24398
24405
24406
24409
24410
24411
24419
24424
24426
24427
24428
24430
24433
24435
24449
24461
24464
24468
24471
24480
24482
24487
24489
24505
24522
24528
24533
24536
24539
24544
24551
24553
24563
24572
24575
24577
24581
24583
24587
24590
24594
24608
24611
24623
24624
24632
24648
24649
24652
24655
24659
24663
24665
24666
24671
24672
24686
24689
24690
24692
24699
24701
24707
24709
24724
24725
24726
24728
24734
24736
24737
24739
24740
24754
24760
24761
24765
24771
24780
24783
24791
24792
24803
24807
24815
24818
24819
24827
24828
24834
24838
24840
24844
24845
24870
24873
24876
24888
24891
24894
24898
24901
24904
24905
24911
24920
24923
24925
24930
24934
24935
24937
24940
24941
24948
24951
24959
24960
24968
24971
24972
24977
24986
24992
24999
25005
25006
25011
25012
25017
25018
25019
25025
25035
25040
25044
25045
25051
25061
25069
25075
25082
25090
25093
25095
25101
25102
25104
25106
25108
25110
25121
25123
25130
25135
25138
25149
25151
25154
25156
25162
25164
25168
25169
25170
25171
25172
25174
25179
25190
25201
25204
25209
25213
25218
25227
25230
25231
25237
25247
25249
25256
25261
25264
25267
25269
25282
25286
25288
25294
25298
25322
25325
25330
25333
25337
25340
25341
25345
25349
25350
25368
25373
25374
25385
25389
25392
25393
25402
25412
25413
25416
25420
25421
25433
25439
25441
25442
25447
25452
25461
25463
25464
25466
25478
25482
25486
25493
25494
25495
25497
25506
25507
25508
25523
25524
25527
25530
25536
25544
25545
25549
25551
25554
25556
25558
25572
25585
25587
25588
25597
25598
25599
25601
25603
25604
25606
25615
25616
25618
25621
25626
25630
25648
25655
25663
25667
25668
25669
25670
25671
25672
25681
25682
25683
25684
25687
25688
25691
25692
25699
25705
25713
25720
25723
25725
25726
25731
25734
25738
25743
25749
25757
25763
25767
25769
25771
25779
25782
25785
25791
25813
25820
25838
25844
25857
25858
25859
25861
25864
25871
25873
25880
25883
25889
25890
25896
25899
25902
25910
25915
25924
25925
25927
25928
25932
25944
25953
25961
25965
25973
25975
25980
25986
25992
25993
25994
25999
26005
26015
26016
26017
26018
26020
26021
26022
26023
26032
26040
26044
26051
26057
26069
26077
26081
26083
26087
26089
26098
26105
26112
26115
26117
26122
26134
26138
26141
26151
26160
26165
26168
26186
26189
26194
26197
26204
26206
26216
26218
26239
26246
26251
26253
26260
26267
26270
26271
26272
26279
26281
26282
26288
26295
26296
26300
26307
26316
26317
26324
26331
26332
26337
26342
26350
26351
26354
26357
26363
26365
26366
26371
26376
26382
26384
26387
26391
26399
26409
26414
26421
26423
26424
26429
26430
26433
26440
26442
26444
26451
26452
26464
26468
26472
26474
26485
26486
26490
26507
26511
26513
26523
26524
26538
26542
26551
26555
26558
26560
26562
26568
26577
26580
26584
26588
26604
26613
26618
26625
26626
26628
26642
26644
26645
26651
26653
26657
26660
26663
26669
26670
26672
26687
26688
26698
26704
26705
26717
26726
26730
26734
26738
26739
26740
26749
26751
26752
26753
26754
26755
26762
26765
26771
26773
26774
26775
26777
26785
26792
26794
26800
26813
26814
26815
26819
26825
26832
26833
26842
26848
26851
26854
26856
26857
26858
26860
26862
26865
26884
26890
26898
26904
26906
26907
26909
26916
26933
26936
26937
26940
26947
26948
26949
26950
26955
26959
26962
26971
26972
26984
26985
26986
26993
26999
27007
27026
27033
27036
27040
27043
27044
27048
27055
27058
27059
27062
27070
27071
27074
27077
27082
27083
27086
27088
27089
27095
27098
27101
27103
27112
27114
27119
27127
27130
27136
27142
27154
27166
27172
27174
27175
27180
27185
27208
27209
27215
27216
27223
27225
27231
27240
27254
27256
27263
27273
27279
27280
27284
27289
27294
27298
27306
27309
27311
27315
27323
27325
27336
27342
27349
27362
27364
27366
27374
27382
27390
27392
27400
27405
27408
27411
27419
27423
27428
27433
27435
27447
27455
27458
27459
27460
27461
27466
27476
27484
27495
27501
27504
27506
27515
27524
27531
27541
27542
27547
27566
27569
27574
27577
27579
27581
27585
27587
27588
27593
27598
27602
27604
27607
27608
27611
27612
27615
27620
27621
27624
27625
27626
27628
27631
27634
27636
27637
27646
27649
27651
27654
27656
27663
27673
27681
27682
27684
27691
27694
27695
27700
27704
27708
27709
27710
27716
27723
27724
27726
27727
27730
27732
27738
27746
27747
27756
27757
27761
27766
27775
27777
27779
27781
27788
27794
27796
27802
27809
27811
27816
27817
27818
27828
27829
27832
27837
27842
27854
27866
27868
27871
27876
27879
27884
27890
27891
27901
27902
27907
27913
27920
27923
27927
27930
27940
27949
27950
27953
27955
27958
27963
27977
27981
27982
27984
28000
28009
28013
28016
28019
28021
28027
28038
28040
28044
28062
28065
28072
28074
28081
28084
28087
28090
28093
28095
28097
28103
28106
28115
28124
28128
28130
28136
28137
28143
28148
28151
28153
28162
28168
28174
28181
28182
28195
28199
28201
28203
28205
28212
28213
28216
28217
28219
28226
28228
28231
28235
28239
28240
28247
28252
28261
28263
28268
28277
28280
28282
28284
28285
28291
28297
28298
28301
28303
28304
28309
28310
28313
28315
28317
28319
28321
28330
28334
28345
28350
28356
28357
28366
28369
28370
28373
28378
28380
28383
28386
28396
28401
28415
28417
28419
28420
28429
28436
28438
28439
28443
28447
28450
28454
28463
28465
28474
28475
28492
28496
28498
28507
28510
28512
28516
28521
28522
28525
28533
28536
28537
28546
28548
28550
28551
28553
28559
28573
28580
28582
28590
28595
28597
28599
28611
28613
28615
28619
28620
28621
28631
28633
28634
28640
28641
28647
28655
28666
28675
28680
28684
28686
28693
28694
28695
28697
28698
28703
28709
28716
28717
28724
28725
28729
28730
28734
28735
28744
28751
28752
28756
28760
28766
28774
28787
28791
28803
28806
28807
28808
28825
28830
28832
28840
28849
28853
28860
28861
28866
28870
28892
28895
28904
28915
28920
28921
28925
28929
28930
28939
28950
28958
28959
28961
28970
28980
28985
28988
28990
28991
29001
29004
29007
29010
29011
29016
29023
29032
29034
29039
29040
29050
29052
29053
29057
29075
29092
29093
29110
29114
29115
29132
29134
29140
29142
29145
29148
29149
29155
29167
29170
29171
29175
29187
29188
29191
29193
29195
29200
29203
29207
29208
29212
29213
29216
29220
29227
29228
29232
29236
29237
29241
29242
29243
29245
29256
29257
29264
29267
29268
29274
29275
29292
29297
29300
29307
29308
29313
29326
29327
29330
29332
29344
29348
29351
29359
29366
29371
29374
29379
29382
29385
29386
29387
29392
29395
29405
29407
29420
29421
29422
29423
29424
29430
29431
29432
29433
29449
29450
29451
29457
29463
29465
29468
29474
29475
29479
29484
29488
29497
29500
29502
29505
29507
29514
29517
29521
29525
29528
29532
29535
29540
29544
29549
29573
29575
29581
29582
29583
29584
29587
29588
29589
29602
29611
29614
29619
29623
29629
29637
29638
29642
29645
29656
29663
29673
29675
29676
29679
29681
29703
29705
29710
29711
29718
29721
29724
29725
29726
29732
29733
29737
29746
29747
29752
29754
29760
29768
29772
29792
29804
29809
29815
29818
29821
29826
29827
29830
29831
29840
29842
29851
29856
29858
29862
29866
29867
29877
29881
29892
29895
29899
29908
29909
29911
29915
29917
29923
29925
29926
29928
29929
29935
29938
29947
29948
29949
29950
29954
29956
29958
29960
29964
29972
29977
29985
29999
30005
30007
30011
30017
30019
30022
30023
30031
30037
30040
30041
30043
30044
30047
30051
30064
30079
30096
30103
30104
30105
30106
30109
30110
30112
30113
30120
30132
30134
30136
30137
30140
30155
30156
30157
30162
30166
30170
30183
30186
30190
30191
30193
30197
30198
30199
30201
30206
30209
30215
30217
30226
30232
30233
30242
30245
30246
30248
30257
30263
30269
30271
30280
30281
30282
30289
30293
30294
30302
30304
30307
30308
30309
30311
30315
30324
30329
30334
30337
30348
30349
30351
30358
30361
30362
30363
30365
30367
30368
30370
30378
30381
30382
30388
30402
30406
30408
30415
30417
30427
30433
30435
30448
30451
30464
30468
30472
30474
30476
30480
30483
30486
30491
30505
30508
30510
30519
30521
30528
30534
30535
30566
30568
30569
30577
30578
30588
30595
30598
30599
30610
30612
30621
30636
30638
30641
30643
30645
30647
30652
30665
30669
30670
30671
30675
30682
30694
30703
30707
30715
30716
30724
30726
30730
30731
30732
30738
30744
30745
30746
30761
30769
30772
30773
30775
30777
30779
30782
30792
30800
30802
30804
30808
30816
30819
30823
30837
30839
30840
30850
30852
30863
30868
30896
30903
30904
30907
30914
30916
30919
30921
30923
30925
30928
30929
30937
30940
30943
30944
30950
30952
30959
30966
30974
30979
30994
31001
31003
31006
31008
31011
31016
31017
31032
31034
31035
31041
31050
31053
31055
31056
31059
31060
31061
31062
31073
31081
31083
31085
31090
31091
31096
31099
31104
31106
31112
31114
31116
31117
31132
31134
31136
31138
31140
31141
31145
31150
31159
31161
31172
31178
31180
31183
31184
31185
31195
31197
31201
31202
31206
31211
31212
31213
31214
31215
31216
31218
31223
31226
31227
31230
31238
31249
31254
31258
31268
31273
31286
31288
31290
31291
31297
31298
31299
31302
31303
31305
31306
31308
31310
31311
31320
31331
31333
31335
31346
31353
31358
31359
31363
31367
31369
31374
31375
31379
31380
31382
31383
31392
31395
31396
31399
31400
31403
31404
31408
31415
31421
31424
31427
31430
31432
31434
31455
31460
31469
31471
31473
31474
31475
31476
31480
31485
31486
31504
31522
31523
31526
31527
31538
31539
31540
31542
31543
31548
31559
31569
31572
31575
31577
31578
31583
31585
31587
31589
31594
31598
31601
31603
31605
31608
31621
31622
31634
31635
31637
31641
31644
31647
31654
31655
31656
31664
31667
31668
31670
31673
31696
31704
31713
31714
31715
31716
31725
31729
31732
31736
31738
31751
31752
31755
31757
31760
31763
31767
31769
31771
31772
31773
31775
31788
31790
31794
31799
31801
31802
31806
31807
31810
31826
31832
31835
31838
31842
31844
31845
31852
31863
31867
31869
31870
31872
31878
31880
31885
31886
31896
31899
31900
31911
31912
31916
31917
31918
31920
31923
31926
31930
31939
31943
31946
31948
31953
31955
31956
31958
31959
31965
31967
31968
31972
31983
31986
31988
31995
31997
32003
32006
32009
32017
32032
32038
32039
32052
32056
32057
32059
32063
32064
32066
32070
32074
32087
32088
32089
32092
32093
32095
32097
32102
32103
32104
32107
32108
32111
32113
32125
32126
32129
32138
32146
32156
32161
32163
32165
32168
32172
32179
32198
32202
32208
32211
32212
32213
32216
32218
32225
32226
32235
32236
32244
32250
32253
32255
32262
32265
32292
32298
32303
32308
32314
32316
32317
32319
32343
32346
32347
32348
32349
32356
32359
32371
32372
32373
32374
32379
32389
32397
32400
32407
32415
32422
32429
32432
32438
32440
32444
32445
32446
32459
32461
32471
32472
32475
32487
32489
32490
32493
32495
32504
32505
32506
32510
32516
32523
32528
32530
32544
32549
32555
32563
32564
32569
32572
32575
32577
32585
32586
32590
32592
32595
32597
32599
32604
32609
32617
32620
32621
32622
32623
32650
32658
32664
32672
32679
32680
32685
32687
32704
32710
32713
32725
32729
32733
32740
32741
32751
32752
32760
